# alpha                     Rey                       CL                        CD                        Cm                       
        -2.6179938780E-01          1.0000000000E+03         -4.7160000000E-01          2.1588000000E-01          4.8000000000E-03
        -2.6179938780E-01          5.5644444444E+05         -1.2564000000E+00          4.6420000000E-02         -3.2900000000E-02
        -2.6179938780E-01          1.1118888889E+06         -1.4025000000E+00          3.0860000000E-02         -3.0200000000E-02
        -2.6179938780E-01          1.6673333333E+06         -1.4788000000E+00          2.4910000000E-02         -2.5000000000E-02
        -2.6179938780E-01          2.2227777778E+06         -1.5149000000E+00          2.2440000000E-02         -2.1200000000E-02
        -2.6179938780E-01          2.7782222222E+06         -1.5419000000E+00          2.0770000000E-02         -1.7800000000E-02
        -2.6179938780E-01          3.3336666667E+06         -1.5571000000E+00          2.0040000000E-02         -1.5500000000E-02
        -2.6179938780E-01          3.8891111111E+06         -1.5703000000E+00          1.9100000000E-02         -1.3800000000E-02
        -2.6179938780E-01          4.4445555556E+06         -1.5801000000E+00          1.8390000000E-02         -1.2500000000E-02
        -2.6179938780E-01          5.0000000000E+06         -1.5875000000E+00          1.7850000000E-02         -1.1500000000E-02
        -2.4434609528E-01          1.0000000000E+03         -4.5140000000E-01          2.0375000000E-01          6.0000000000E-04
        -2.4434609528E-01          5.5644444444E+05         -1.2489000000E+00          3.6780000000E-02         -3.2800000000E-02
        -2.4434609528E-01          1.1118888889E+06         -1.3730000000E+00          2.5630000000E-02         -2.4700000000E-02
        -2.4434609528E-01          1.6673333333E+06         -1.4315000000E+00          2.1840000000E-02         -1.7700000000E-02
        -2.4434609528E-01          2.2227777778E+06         -1.4577000000E+00          1.9970000000E-02         -1.4300000000E-02
        -2.4434609528E-01          2.7782222222E+06         -1.4734000000E+00          1.8720000000E-02         -1.2200000000E-02
        -2.4434609528E-01          3.3336666667E+06         -1.4850000000E+00          1.7770000000E-02         -1.0700000000E-02
        -2.4434609528E-01          3.8891111111E+06         -1.4927000000E+00          1.7130000000E-02         -9.6000000000E-03
        -2.4434609528E-01          4.4445555556E+06         -1.4977000000E+00          1.6710000000E-02         -8.9000000000E-03
        -2.4434609528E-01          5.0000000000E+06         -1.5030000000E+00          1.6260000000E-02         -8.2000000000E-03
        -2.2689280276E-01          1.0000000000E+03         -4.2950000000E-01          1.9160000000E-01         -3.6000000000E-03
        -2.2689280276E-01          5.5644444444E+05         -1.2221000000E+00          3.0570000000E-02         -2.8600000000E-02
        -2.2689280276E-01          1.1118888889E+06         -1.3226000000E+00          2.2620000000E-02         -1.7500000000E-02
        -2.2689280276E-01          1.6673333333E+06         -1.3622000000E+00          1.9410000000E-02         -1.2500000000E-02
        -2.2689280276E-01          2.2227777778E+06         -1.3795000000E+00          1.7860000000E-02         -1.0200000000E-02
        -2.2689280276E-01          2.7782222222E+06         -1.3908000000E+00          1.6810000000E-02         -8.6000000000E-03
        -2.2689280276E-01          3.3336666667E+06         -1.3970000000E+00          1.6230000000E-02         -7.7000000000E-03
        -2.2689280276E-01          3.8891111111E+06         -1.4040000000E+00          1.5570000000E-02         -6.8000000000E-03
        -2.2689280276E-01          4.4445555556E+06         -1.4093000000E+00          1.5070000000E-02         -6.0000000000E-03
        -2.2689280276E-01          5.0000000000E+06         -1.4133000000E+00          1.4690000000E-02         -5.4000000000E-03
        -2.0943951024E-01          1.0000000000E+03         -4.0540000000E-01          1.7968000000E-01         -7.5000000000E-03
        -2.0943951024E-01          5.5644444444E+05         -1.1849000000E+00          2.6000000000E-02         -2.1300000000E-02
        -2.0943951024E-01          1.1118888889E+06         -1.2536000000E+00          1.9850000000E-02         -1.2400000000E-02
        -2.0943951024E-01          1.6673333333E+06         -1.2773000000E+00          1.7520000000E-02         -9.2000000000E-03
        -2.0943951024E-01          2.2227777778E+06         -1.2913000000E+00          1.6100000000E-02         -7.2000000000E-03
        -2.0943951024E-01          2.7782222222E+06         -1.2985000000E+00          1.5360000000E-02         -6.2000000000E-03
        -2.0943951024E-01          3.3336666667E+06         -1.3054000000E+00          1.4640000000E-02         -5.2000000000E-03
        -2.0943951024E-01          3.8891111111E+06         -1.3102000000E+00          1.4130000000E-02         -4.5000000000E-03
        -2.0943951024E-01          4.4445555556E+06         -1.3137000000E+00          1.3760000000E-02         -4.0000000000E-03
        -2.0943951024E-01          5.0000000000E+06         -1.3163000000E+00          1.3490000000E-02         -3.6000000000E-03
        -1.9198621772E-01          1.0000000000E+03         -3.7950000000E-01          1.6837000000E-01         -1.1200000000E-02
        -1.9198621772E-01          5.5644444444E+05         -1.1240000000E+00          2.2530000000E-02         -1.5200000000E-02
        -1.9198621772E-01          1.1118888889E+06         -1.1696000000E+00          1.7680000000E-02         -9.0000000000E-03
        -1.9198621772E-01          1.6673333333E+06         -1.1867000000E+00          1.5760000000E-02         -6.5000000000E-03
        -1.9198621772E-01          2.2227777778E+06         -1.1961000000E+00          1.4670000000E-02         -5.1000000000E-03
        -1.9198621772E-01          2.7782222222E+06         -1.2027000000E+00          1.3920000000E-02         -4.2000000000E-03
        -1.9198621772E-01          3.3336666667E+06         -1.2076000000E+00          1.3350000000E-02         -3.4000000000E-03
        -1.9198621772E-01          3.8891111111E+06         -1.2111000000E+00          1.2950000000E-02         -2.9000000000E-03
        -1.9198621772E-01          4.4445555556E+06         -1.2137000000E+00          1.2660000000E-02         -2.5000000000E-03
        -1.9198621772E-01          5.0000000000E+06         -1.2165000000E+00          1.2330000000E-02         -2.1000000000E-03
        -1.7453292520E-01          1.0000000000E+03         -3.5120000000E-01          1.5785000000E-01         -1.4400000000E-02
        -1.7453292520E-01          5.5644444444E+05         -1.0451000000E+00          1.9810000000E-02         -1.1200000000E-02
        -1.7453292520E-01          1.1118888889E+06         -1.0775000000E+00          1.5870000000E-02         -6.5000000000E-03
        -1.7453292520E-01          1.6673333333E+06         -1.0899000000E+00          1.4290000000E-02         -4.6000000000E-03
        -1.7453292520E-01          2.2227777778E+06         -1.0971000000E+00          1.3380000000E-02         -3.5000000000E-03
        -1.7453292520E-01          2.7782222222E+06         -1.1022000000E+00          1.2730000000E-02         -2.7000000000E-03
        -1.7453292520E-01          3.3336666667E+06         -1.1061000000E+00          1.2250000000E-02         -2.1000000000E-03
        -1.7453292520E-01          3.8891111111E+06         -1.1088000000E+00          1.1900000000E-02         -1.7000000000E-03
        -1.7453292520E-01          4.4445555556E+06         -1.1110000000E+00          1.1620000000E-02         -1.3000000000E-03
        -1.7453292520E-01          5.0000000000E+06         -1.1133000000E+00          1.1340000000E-02         -1.0000000000E-03
        -1.5707963268E-01          1.0000000000E+03         -3.2020000000E-01          1.4836000000E-01         -1.7000000000E-02
        -1.5707963268E-01          5.5644444444E+05         -9.5660000000E-01          1.7590000000E-02         -8.1000000000E-03
        -1.5707963268E-01          1.1118888889E+06         -9.7940000000E-01          1.4420000000E-02         -4.6000000000E-03
        -1.5707963268E-01          1.6673333333E+06         -9.8870000000E-01          1.3090000000E-02         -3.1000000000E-03
        -1.5707963268E-01          2.2227777778E+06         -9.9490000000E-01          1.2230000000E-02         -2.2000000000E-03
        -1.5707963268E-01          2.7782222222E+06         -9.9840000000E-01          1.1720000000E-02         -1.6000000000E-03
        -1.5707963268E-01          3.3336666667E+06         -1.0017000000E+00          1.1280000000E-02         -1.1000000000E-03
        -1.5707963268E-01          3.8891111111E+06         -1.0040000000E+00          1.0950000000E-02         -7.0000000000E-04
        -1.5707963268E-01          4.4445555556E+06         -1.0058000000E+00          1.0710000000E-02         -4.0000000000E-04
        -1.5707963268E-01          5.0000000000E+06         -1.0074000000E+00          1.0490000000E-02         -2.0000000000E-04
        -1.3962634016E-01          1.0000000000E+03         -2.8650000000E-01          1.4005000000E-01         -1.8700000000E-02
        -1.3962634016E-01          5.5644444444E+05         -8.6280000000E-01          1.5590000000E-02         -5.7000000000E-03
        -1.3962634016E-01          1.1118888889E+06         -8.7850000000E-01          1.3060000000E-02         -3.1000000000E-03
        -1.3962634016E-01          1.6673333333E+06         -8.8550000000E-01          1.1940000000E-02         -1.9000000000E-03
        -1.3962634016E-01          2.2227777778E+06         -8.8950000000E-01          1.1290000000E-02         -1.3000000000E-03
        -1.3962634016E-01          2.7782222222E+06         -8.9280000000E-01          1.0780000000E-02         -7.0000000000E-04
        -1.3962634016E-01          3.3336666667E+06         -8.9500000000E-01          1.0420000000E-02         -4.0000000000E-04
        -1.3962634016E-01          3.8891111111E+06         -8.9680000000E-01          1.0150000000E-02         -1.0000000000E-04
        -1.3962634016E-01          4.4445555556E+06         -8.9850000000E-01          9.8900000000E-03          2.0000000000E-04
        -1.3962634016E-01          5.0000000000E+06         -8.9990000000E-01          9.6800000000E-03          4.0000000000E-04
        -1.2217304764E-01          1.0000000000E+03         -2.5050000000E-01          1.3300000000E-01         -1.9600000000E-02
        -1.2217304764E-01          5.5644444444E+05         -7.6330000000E-01          1.4000000000E-02         -3.8000000000E-03
        -1.2217304764E-01          1.1118888889E+06         -7.7420000000E-01          1.1940000000E-02         -2.0000000000E-03
        -1.2217304764E-01          1.6673333333E+06         -7.7930000000E-01          1.0980000000E-02         -1.1000000000E-03
        -1.2217304764E-01          2.2227777778E+06         -7.8260000000E-01          1.0380000000E-02         -5.0000000000E-04
        -1.2217304764E-01          2.7782222222E+06         -7.8490000000E-01          9.9600000000E-03         -1.0000000000E-04
        -1.2217304764E-01          3.3336666667E+06         -7.8670000000E-01          9.6400000000E-03          2.0000000000E-04
        -1.2217304764E-01          3.8891111111E+06         -7.8810000000E-01          9.4000000000E-03          4.0000000000E-04
        -1.2217304764E-01          4.4445555556E+06         -7.8940000000E-01          9.1800000000E-03          6.0000000000E-04
        -1.2217304764E-01          5.0000000000E+06         -7.9040000000E-01          9.0000000000E-03          8.0000000000E-04
        -1.0471975512E-01          1.0000000000E+03         -2.1430000000E-01          1.2720000000E-01         -1.9700000000E-02
        -1.0471975512E-01          5.5644444444E+05         -6.6160000000E-01          1.2510000000E-02         -2.3000000000E-03
        -1.0471975512E-01          1.1118888889E+06         -6.6850000000E-01          1.0850000000E-02         -1.0000000000E-03
        -1.0471975512E-01          1.6673333333E+06         -6.7180000000E-01          1.0080000000E-02         -4.0000000000E-04
        -1.0471975512E-01          2.2227777778E+06         -6.7400000000E-01          9.5700000000E-03         -0.0000000000E+00
        -1.0471975512E-01          2.7782222222E+06         -6.7580000000E-01          9.2000000000E-03          3.0000000000E-04
        -1.0471975512E-01          3.3336666667E+06         -6.7700000000E-01          8.9400000000E-03          5.0000000000E-04
        -1.0471975512E-01          3.8891111111E+06         -6.7820000000E-01          8.7000000000E-03          7.0000000000E-04
        -1.0471975512E-01          4.4445555556E+06         -6.7900000000E-01          8.5200000000E-03          8.0000000000E-04
        -1.0471975512E-01          5.0000000000E+06         -6.7980000000E-01          8.3700000000E-03          1.0000000000E-03
        -8.7266462600E-02          1.0000000000E+03         -1.7900000000E-01          1.2253000000E-01         -1.8900000000E-02
        -8.7266462600E-02          5.5644444444E+05         -5.5830000000E-01          1.1130000000E-02         -1.1000000000E-03
        -8.7266462600E-02          1.1118888889E+06         -5.6160000000E-01          9.8200000000E-03         -3.0000000000E-04
        -8.7266462600E-02          1.6673333333E+06         -5.6350000000E-01          9.1800000000E-03          1.0000000000E-04
        -8.7266462600E-02          2.2227777778E+06         -5.6460000000E-01          8.7800000000E-03          4.0000000000E-04
        -8.7266462600E-02          2.7782222222E+06         -5.6560000000E-01          8.4800000000E-03          6.0000000000E-04
        -8.7266462600E-02          3.3336666667E+06         -5.6650000000E-01          8.2400000000E-03          7.0000000000E-04
        -8.7266462600E-02          3.8891111111E+06         -5.6710000000E-01          8.0600000000E-03          9.0000000000E-04
        -8.7266462600E-02          4.4445555556E+06         -5.6780000000E-01          7.8900000000E-03          1.0000000000E-03
        -8.7266462600E-02          5.0000000000E+06         -5.6820000000E-01          7.7700000000E-03          1.1000000000E-03
        -6.9813170080E-02          1.0000000000E+03         -1.4440000000E-01          1.1900000000E-01         -1.7100000000E-02
        -6.9813170080E-02          5.5644444444E+05         -4.5300000000E-01          9.9700000000E-03         -2.0000000000E-04
        -6.9813170080E-02          1.1118888889E+06         -4.5380000000E-01          8.8400000000E-03          3.0000000000E-04
        -6.9813170080E-02          1.6673333333E+06         -4.5430000000E-01          8.3200000000E-03          6.0000000000E-04
        -6.9813170080E-02          2.2227777778E+06         -4.5460000000E-01          7.9900000000E-03          7.0000000000E-04
        -6.9813170080E-02          2.7782222222E+06         -4.5490000000E-01          7.7500000000E-03          8.0000000000E-04
        -6.9813170080E-02          3.3336666667E+06         -4.5530000000E-01          7.5600000000E-03          9.0000000000E-04
        -6.9813170080E-02          3.8891111111E+06         -4.5560000000E-01          7.4000000000E-03          1.0000000000E-03
        -6.9813170080E-02          4.4445555556E+06         -4.5590000000E-01          7.2600000000E-03          1.0000000000E-03
        -6.9813170080E-02          5.0000000000E+06         -4.5610000000E-01          7.1600000000E-03          1.1000000000E-03
        -5.2359877560E-02          1.0000000000E+03         -1.1000000000E-01          1.1652000000E-01         -1.4200000000E-02
        -5.2359877560E-02          5.5644444444E+05         -3.4380000000E-01          9.2600000000E-03          4.0000000000E-04
        -5.2359877560E-02          1.1118888889E+06         -3.4440000000E-01          8.0200000000E-03          7.0000000000E-04
        -5.2359877560E-02          1.6673333333E+06         -3.4410000000E-01          7.5400000000E-03          8.0000000000E-04
        -5.2359877560E-02          2.2227777778E+06         -3.8033333333E-01          7.5433333333E-03          7.6666666667E-04
        -5.2359877560E-02          2.7782222222E+06         -3.4370000000E-01          7.0500000000E-03          9.0000000000E-04
        -5.2359877560E-02          3.3336666667E+06         -3.4350000000E-01          6.9000000000E-03          9.0000000000E-04
        -5.2359877560E-02          3.8891111111E+06         -3.4350000000E-01          6.7700000000E-03          1.0000000000E-03
        -5.2359877560E-02          4.4445555556E+06         -3.4350000000E-01          6.6600000000E-03          1.0000000000E-03
        -5.2359877560E-02          5.0000000000E+06         -3.4340000000E-01          6.5700000000E-03          1.0000000000E-03
        -3.4906585040E-02          1.0000000000E+03         -7.5700000000E-02          1.1500000000E-01         -1.0000000000E-02
        -3.4906585040E-02          5.5644444444E+05         -2.2940000000E-01          9.1300000000E-03          3.0000000000E-04
        -3.4906585040E-02          1.1118888889E+06         -2.3160000000E-01          7.6100000000E-03          8.0000000000E-04
        -3.4906585040E-02          1.6673333333E+06         -2.3250000000E-01          6.9200000000E-03          1.0000000000E-03
        -3.4906585040E-02          2.2227777778E+06         -2.3180000000E-01          6.6500000000E-03          9.0000000000E-04
        -3.4906585040E-02          2.7782222222E+06         -2.3120000000E-01          6.4700000000E-03          9.0000000000E-04
        -3.4906585040E-02          3.3336666667E+06         -2.3080000000E-01          6.3300000000E-03          9.0000000000E-04
        -3.4906585040E-02          3.8891111111E+06         -2.3040000000E-01          6.2300000000E-03          8.0000000000E-04
        -3.4906585040E-02          4.4445555556E+06         -2.3020000000E-01          6.1300000000E-03          8.0000000000E-04
        -3.4906585040E-02          5.0000000000E+06         -2.3000000000E-01          6.0500000000E-03          8.0000000000E-04
        -1.7453292520E-02          1.0000000000E+03         -4.0300000000E-02          1.1425000000E-01         -4.9000000000E-03
        -1.7453292520E-02          5.5644444444E+05         -1.1480000000E-01          9.0600000000E-03          2.0000000000E-04
        -1.7453292520E-02          1.1118888889E+06         -1.1590000000E-01          7.5600000000E-03          4.0000000000E-04
        -1.7453292520E-02          1.6673333333E+06         -1.1640000000E-01          6.8500000000E-03          5.0000000000E-04
        -1.7453292520E-02          2.2227777778E+06         -1.1670000000E-01          6.4100000000E-03          6.0000000000E-04
        -1.7453292520E-02          2.7782222222E+06         -1.1700000000E-01          6.1000000000E-03          6.0000000000E-04
        -1.7453292520E-02          3.3336666667E+06         -1.1720000000E-01          5.8600000000E-03          7.0000000000E-04
        -1.7453292520E-02          3.8891111111E+06         -1.1670000000E-01          5.7500000000E-03          6.0000000000E-04
        -1.7453292520E-02          4.4445555556E+06         -1.1630000000E-01          5.6600000000E-03          6.0000000000E-04
        -1.7453292520E-02          5.0000000000E+06         -1.1600000000E-01          5.5900000000E-03          5.0000000000E-04
         0.0000000000E+00          1.0000000000E+03          0.0000000000E+00          1.1402000000E-01          0.0000000000E+00
         0.0000000000E+00          5.5644444444E+05          0.0000000000E+00          9.0400000000E-03         -0.0000000000E+00
         0.0000000000E+00          1.1118888889E+06          0.0000000000E+00          7.5500000000E-03         -0.0000000000E+00
         0.0000000000E+00          1.6673333333E+06          0.0000000000E+00          6.8400000000E-03         -0.0000000000E+00
         0.0000000000E+00          2.2227777778E+06          0.0000000000E+00          6.4000000000E-03         -0.0000000000E+00
         0.0000000000E+00          2.7782222222E+06          0.0000000000E+00          6.0900000000E-03         -0.0000000000E+00
         0.0000000000E+00          3.3336666667E+06          0.0000000000E+00          5.8500000000E-03         -0.0000000000E+00
         0.0000000000E+00          3.8891111111E+06          0.0000000000E+00          5.6600000000E-03         -0.0000000000E+00
         0.0000000000E+00          4.4445555556E+06          0.0000000000E+00          5.5000000000E-03         -0.0000000000E+00
         0.0000000000E+00          5.0000000000E+06          0.0000000000E+00          5.3700000000E-03         -0.0000000000E+00
         1.7453292520E-02          1.0000000000E+03          4.0200000000E-02          1.1424000000E-01          4.9000000000E-03
         1.7453292520E-02          5.5644444444E+05          1.1480000000E-01          9.0600000000E-03         -2.0000000000E-04
         1.7453292520E-02          1.1118888889E+06          1.1590000000E-01          7.5600000000E-03         -4.0000000000E-04
         1.7453292520E-02          1.6673333333E+06          1.1640000000E-01          6.8500000000E-03         -5.0000000000E-04
         1.7453292520E-02          2.2227777778E+06          1.1680000000E-01          6.4100000000E-03         -6.0000000000E-04
         1.7453292520E-02          2.7782222222E+06          1.1700000000E-01          6.1000000000E-03         -6.0000000000E-04
         1.7453292520E-02          3.3336666667E+06          1.1720000000E-01          5.8600000000E-03         -7.0000000000E-04
         1.7453292520E-02          3.8891111111E+06          1.1670000000E-01          5.7500000000E-03         -6.0000000000E-04
         1.7453292520E-02          4.4445555556E+06          1.1630000000E-01          5.6600000000E-03         -6.0000000000E-04
         1.7453292520E-02          5.0000000000E+06          1.1600000000E-01          5.5900000000E-03         -5.0000000000E-04
         3.4906585040E-02          1.0000000000E+03          7.5600000000E-02          1.1497000000E-01          1.0000000000E-02
         3.4906585040E-02          5.5644444444E+05          2.2950000000E-01          9.1300000000E-03         -3.0000000000E-04
         3.4906585040E-02          1.1118888889E+06          2.3160000000E-01          7.6100000000E-03         -8.0000000000E-04
         3.4906585040E-02          1.6673333333E+06          2.3250000000E-01          6.9200000000E-03         -1.0000000000E-03
         3.4906585040E-02          2.2227777778E+06          2.3180000000E-01          6.6500000000E-03         -9.0000000000E-04
         3.4906585040E-02          2.7782222222E+06          2.3130000000E-01          6.4700000000E-03         -9.0000000000E-04
         3.4906585040E-02          3.3336666667E+06          2.3090000000E-01          6.3200000000E-03         -9.0000000000E-04
         3.4906585040E-02          3.8891111111E+06          2.3060000000E-01          6.2100000000E-03         -9.0000000000E-04
         3.4906585040E-02          4.4445555556E+06          2.3030000000E-01          6.1200000000E-03         -8.0000000000E-04
         3.4906585040E-02          5.0000000000E+06          2.3020000000E-01          6.0400000000E-03         -8.0000000000E-04
         5.2359877560E-02          1.0000000000E+03          1.0990000000E-01          1.1649000000E-01          1.4200000000E-02
         5.2359877560E-02          5.5644444444E+05          3.4390000000E-01          9.2600000000E-03         -4.0000000000E-04
         5.2359877560E-02          1.1118888889E+06          3.4450000000E-01          8.0200000000E-03         -8.0000000000E-04
         5.2359877560E-02          1.6673333333E+06          3.4410000000E-01          7.5400000000E-03         -8.0000000000E-04
         5.2359877560E-02          2.2227777778E+06          3.4370000000E-01          7.2700000000E-03         -9.0000000000E-04
         5.2359877560E-02          2.7782222222E+06          3.4370000000E-01          7.0500000000E-03         -9.0000000000E-04
         5.2359877560E-02          3.3336666667E+06          3.4360000000E-01          6.9000000000E-03         -1.0000000000E-03
         5.2359877560E-02          3.8891111111E+06          3.4350000000E-01          6.7700000000E-03         -1.0000000000E-03
         5.2359877560E-02          4.4445555556E+06          3.4350000000E-01          6.6700000000E-03         -1.0000000000E-03
         5.2359877560E-02          5.0000000000E+06          3.4340000000E-01          6.5800000000E-03         -1.0000000000E-03
         6.9813170080E-02          1.0000000000E+03          1.4420000000E-01          1.1896000000E-01          1.7100000000E-02
         6.9813170080E-02          5.5644444444E+05          4.5300000000E-01          9.9700000000E-03          2.0000000000E-04
         6.9813170080E-02          1.1118888889E+06          4.5380000000E-01          8.8400000000E-03         -3.0000000000E-04
         6.9813170080E-02          1.6673333333E+06          4.5430000000E-01          8.3200000000E-03         -6.0000000000E-04
         6.9813170080E-02          2.2227777778E+06          4.5480000000E-01          7.9700000000E-03         -7.0000000000E-04
         6.9813170080E-02          2.7782222222E+06          4.5500000000E-01          7.7500000000E-03         -8.0000000000E-04
         6.9813170080E-02          3.3336666667E+06          4.5530000000E-01          7.5700000000E-03         -9.0000000000E-04
         6.9813170080E-02          3.8891111111E+06          4.5560000000E-01          7.4100000000E-03         -1.0000000000E-03
         6.9813170080E-02          4.4445555556E+06          4.5590000000E-01          7.2700000000E-03         -1.0000000000E-03
         6.9813170080E-02          5.0000000000E+06          4.5610000000E-01          7.1700000000E-03         -1.1000000000E-03
         8.7266462600E-02          1.0000000000E+03          1.7880000000E-01          1.2247000000E-01          1.9000000000E-02
         8.7266462600E-02          5.5644444444E+05          5.5840000000E-01          1.1130000000E-02          1.1000000000E-03
         8.7266462600E-02          1.1118888889E+06          5.6170000000E-01          9.8200000000E-03          3.0000000000E-04
         8.7266462600E-02          1.6673333333E+06          5.6350000000E-01          9.1800000000E-03         -1.0000000000E-04
         8.7266462600E-02          2.2227777778E+06          5.6470000000E-01          8.7800000000E-03         -4.0000000000E-04
         8.7266462600E-02          2.7782222222E+06          5.6570000000E-01          8.4800000000E-03         -6.0000000000E-04
         8.7266462600E-02          3.3336666667E+06          5.6650000000E-01          8.2400000000E-03         -8.0000000000E-04
         8.7266462600E-02          3.8891111111E+06          5.6720000000E-01          8.0600000000E-03         -9.0000000000E-04
         8.7266462600E-02          4.4445555556E+06          5.6780000000E-01          7.8900000000E-03         -1.0000000000E-03
         8.7266462600E-02          5.0000000000E+06          5.3066666667E-01          7.5700000000E-03         -1.0666666667E-03
         1.0471975512E-01          1.0000000000E+03          2.1400000000E-01          1.2713000000E-01          1.9800000000E-02
         1.0471975512E-01          5.5644444444E+05          6.6170000000E-01          1.2510000000E-02          2.3000000000E-03
         1.0471975512E-01          1.1118888889E+06          6.6860000000E-01          1.0850000000E-02          1.0000000000E-03
         1.0471975512E-01          1.6673333333E+06          6.7190000000E-01          1.0070000000E-02          4.0000000000E-04
         1.0471975512E-01          2.2227777778E+06          6.7410000000E-01          9.5700000000E-03         -0.0000000000E+00
         1.0471975512E-01          2.7782222222E+06          6.7590000000E-01          9.2000000000E-03         -3.0000000000E-04
         1.0471975512E-01          3.3336666667E+06          6.7700000000E-01          8.9400000000E-03         -5.0000000000E-04
         1.0471975512E-01          3.8891111111E+06          6.7820000000E-01          8.7000000000E-03         -7.0000000000E-04
         1.0471975512E-01          4.4445555556E+06          6.7910000000E-01          8.5200000000E-03         -9.0000000000E-04
         1.0471975512E-01          5.0000000000E+06          6.7980000000E-01          8.3700000000E-03         -1.0000000000E-03
         1.2217304764E-01          1.0000000000E+03          2.5010000000E-01          1.3290000000E-01          1.9700000000E-02
         1.2217304764E-01          5.5644444444E+05          7.6340000000E-01          1.4010000000E-02          3.8000000000E-03
         1.2217304764E-01          1.1118888889E+06          7.7420000000E-01          1.1940000000E-02          1.9000000000E-03
         1.2217304764E-01          1.6673333333E+06          7.7940000000E-01          1.0980000000E-02          1.1000000000E-03
         1.2217304764E-01          2.2227777778E+06          7.8270000000E-01          1.0380000000E-02          5.0000000000E-04
         1.2217304764E-01          2.7782222222E+06          7.8500000000E-01          9.9600000000E-03          1.0000000000E-04
         1.2217304764E-01          3.3336666667E+06          7.8680000000E-01          9.6400000000E-03         -2.0000000000E-04
         1.2217304764E-01          3.8891111111E+06          7.8810000000E-01          9.4000000000E-03         -4.0000000000E-04
         1.2217304764E-01          4.4445555556E+06          7.8950000000E-01          9.1800000000E-03         -6.0000000000E-04
         1.2217304764E-01          5.0000000000E+06          7.9050000000E-01          9.0000000000E-03         -8.0000000000E-04
         1.3962634016E-01          1.0000000000E+03          2.8600000000E-01          1.3993000000E-01          1.8800000000E-02
         1.3962634016E-01          5.5644444444E+05          8.6290000000E-01          1.5590000000E-02          5.6000000000E-03
         1.3962634016E-01          1.1118888889E+06          8.7860000000E-01          1.3050000000E-02          3.0000000000E-03
         1.3962634016E-01          1.6673333333E+06          8.8550000000E-01          1.1940000000E-02          1.9000000000E-03
         1.3962634016E-01          2.2227777778E+06          8.8960000000E-01          1.1290000000E-02          1.2000000000E-03
         1.3962634016E-01          2.7782222222E+06          8.9290000000E-01          1.0780000000E-02          7.0000000000E-04
         1.3962634016E-01          3.3336666667E+06          8.9510000000E-01          1.0420000000E-02          3.0000000000E-04
         1.3962634016E-01          3.8891111111E+06          8.9690000000E-01          1.0150000000E-02          1.0000000000E-04
         1.3962634016E-01          4.4445555556E+06          8.9860000000E-01          9.8900000000E-03         -2.0000000000E-04
         1.3962634016E-01          5.0000000000E+06          8.9990000000E-01          9.6900000000E-03         -4.0000000000E-04
         1.5707963268E-01          1.0000000000E+03          3.1960000000E-01          1.4819000000E-01          1.7000000000E-02
         1.5707963268E-01          5.5644444444E+05          9.5680000000E-01          1.7580000000E-02          8.1000000000E-03
         1.5707963268E-01          1.1118888889E+06          9.7960000000E-01          1.4420000000E-02          4.6000000000E-03
         1.5707963268E-01          1.6673333333E+06          9.8880000000E-01          1.3090000000E-02          3.1000000000E-03
         1.5707963268E-01          2.2227777778E+06          9.9500000000E-01          1.2230000000E-02          2.1000000000E-03
         1.5707963268E-01          2.7782222222E+06          9.9850000000E-01          1.1720000000E-02          1.6000000000E-03
         1.5707963268E-01          3.3336666667E+06          1.0018000000E+00          1.1280000000E-02          1.1000000000E-03
         1.5707963268E-01          3.8891111111E+06          1.0041000000E+00          1.0950000000E-02          7.0000000000E-04
         1.5707963268E-01          4.4445555556E+06          1.0059000000E+00          1.0710000000E-02          4.0000000000E-04
         1.5707963268E-01          5.0000000000E+06          1.0075000000E+00          1.0480000000E-02          2.0000000000E-04
         1.7453292520E-01          1.0000000000E+03          3.5050000000E-01          1.5763000000E-01          1.4400000000E-02
         1.7453292520E-01          5.5644444444E+05          1.0453000000E+00          1.9800000000E-02          1.1100000000E-02
         1.7453292520E-01          1.1118888889E+06          1.0776000000E+00          1.5870000000E-02          6.4000000000E-03
         1.7453292520E-01          1.6673333333E+06          1.0901000000E+00          1.4290000000E-02          4.5000000000E-03
         1.7453292520E-01          2.2227777778E+06          1.0972000000E+00          1.3380000000E-02          3.4000000000E-03
         1.7453292520E-01          2.7782222222E+06          1.1023000000E+00          1.2730000000E-02          2.7000000000E-03
         1.7453292520E-01          3.3336666667E+06          1.1062000000E+00          1.2250000000E-02          2.1000000000E-03
         1.7453292520E-01          3.8891111111E+06          1.1089000000E+00          1.1900000000E-02          1.6000000000E-03
         1.7453292520E-01          4.4445555556E+06          1.1112000000E+00          1.1620000000E-02          1.3000000000E-03
         1.7453292520E-01          5.0000000000E+06          1.1135000000E+00          1.1340000000E-02          9.0000000000E-04
         1.9198621772E-01          1.0000000000E+03          3.7860000000E-01          1.6809000000E-01          1.1300000000E-02
         1.9198621772E-01          5.5644444444E+05          1.1242000000E+00          2.2520000000E-02          1.5200000000E-02
         1.9198621772E-01          1.1118888889E+06          1.1698000000E+00          1.7680000000E-02          9.0000000000E-03
         1.9198621772E-01          1.6673333333E+06          1.1869000000E+00          1.5750000000E-02          6.5000000000E-03
         1.9198621772E-01          2.2227777778E+06          1.1963000000E+00          1.4670000000E-02          5.1000000000E-03
         1.9198621772E-01          2.7782222222E+06          1.2029000000E+00          1.3920000000E-02          4.1000000000E-03
         1.9198621772E-01          3.3336666667E+06          1.2078000000E+00          1.3350000000E-02          3.4000000000E-03
         1.9198621772E-01          3.8891111111E+06          1.2112000000E+00          1.2950000000E-02          2.9000000000E-03
         1.9198621772E-01          4.4445555556E+06          1.2138000000E+00          1.2660000000E-02          2.5000000000E-03
         1.9198621772E-01          5.0000000000E+06          1.2167000000E+00          1.2330000000E-02          2.0000000000E-03
         2.0943951024E-01          1.0000000000E+03          4.0440000000E-01          1.7936000000E-01          7.6000000000E-03
         2.0943951024E-01          5.5644444444E+05          1.1855000000E+00          2.6000000000E-02          2.1200000000E-02
         2.0943951024E-01          1.1118888889E+06          1.2539000000E+00          1.9840000000E-02          1.2400000000E-02
         2.0943951024E-01          1.6673333333E+06          1.2776000000E+00          1.7520000000E-02          9.1000000000E-03
         2.0943951024E-01          2.2227777778E+06          1.2915000000E+00          1.6100000000E-02          7.2000000000E-03
         2.0943951024E-01          2.7782222222E+06          1.2987000000E+00          1.5360000000E-02          6.2000000000E-03
         2.0943951024E-01          3.3336666667E+06          1.3055000000E+00          1.4640000000E-02          5.2000000000E-03
         2.0943951024E-01          3.8891111111E+06          1.3104000000E+00          1.4130000000E-02          4.5000000000E-03
         2.0943951024E-01          4.4445555556E+06          1.3139000000E+00          1.3760000000E-02          3.9000000000E-03
         2.0943951024E-01          5.0000000000E+06          1.3165000000E+00          1.3490000000E-02          3.6000000000E-03
         2.2689280276E-01          1.0000000000E+03          4.2840000000E-01          1.9123000000E-01          3.7000000000E-03
         2.2689280276E-01          5.5644444444E+05          1.2229000000E+00          3.0560000000E-02          2.8500000000E-02
         2.2689280276E-01          1.1118888889E+06          1.3222000000E+00          2.2680000000E-02          1.7500000000E-02
         2.2689280276E-01          1.6673333333E+06          1.3622000000E+00          1.9430000000E-02          1.2500000000E-02
         2.2689280276E-01          2.2227777778E+06          1.3796000000E+00          1.7870000000E-02          1.0100000000E-02
         2.2689280276E-01          2.7782222222E+06          1.3909000000E+00          1.6820000000E-02          8.6000000000E-03
         2.2689280276E-01          3.3336666667E+06          1.3973000000E+00          1.6220000000E-02          7.7000000000E-03
         2.2689280276E-01          3.8891111111E+06          1.4043000000E+00          1.5560000000E-02          6.7000000000E-03
         2.2689280276E-01          4.4445555556E+06          1.4095000000E+00          1.5070000000E-02          6.0000000000E-03
         2.2689280276E-01          5.0000000000E+06          1.4135000000E+00          1.4690000000E-02          5.4000000000E-03
         2.4434609528E-01          1.0000000000E+03          4.5020000000E-01          2.0331000000E-01         -5.0000000000E-04
         2.4434609528E-01          5.5644444444E+05          1.2500000000E+00          3.6750000000E-02          3.2700000000E-02
         2.4434609528E-01          1.1118888889E+06          1.3731000000E+00          2.5670000000E-02          2.4600000000E-02
         2.4434609528E-01          1.6673333333E+06          1.4319000000E+00          2.1840000000E-02          1.7600000000E-02
         2.4434609528E-01          2.2227777778E+06          1.4580000000E+00          1.9980000000E-02          1.4200000000E-02
         2.4434609528E-01          2.7782222222E+06          1.4737000000E+00          1.8720000000E-02          1.2100000000E-02
         2.4434609528E-01          3.3336666667E+06          1.4853000000E+00          1.7770000000E-02          1.0600000000E-02
         2.4434609528E-01          3.8891111111E+06          1.4930000000E+00          1.7130000000E-02          9.5000000000E-03
         2.4434609528E-01          4.4445555556E+06          1.4980000000E+00          1.6720000000E-02          8.9000000000E-03
         2.4434609528E-01          5.0000000000E+06          1.5033000000E+00          1.6270000000E-02          8.1000000000E-03
         2.6179938780E-01          1.0000000000E+03          4.7030000000E-01          2.1539000000E-01         -4.7000000000E-03
         2.6179938780E-01          5.5644444444E+05          1.2577000000E+00          4.6390000000E-02          3.2800000000E-02
         2.6179938780E-01          1.1118888889E+06          1.4031000000E+00          3.0880000000E-02          3.0100000000E-02
         2.6179938780E-01          1.6673333333E+06          1.4794000000E+00          2.4920000000E-02          2.4900000000E-02
         2.6179938780E-01          2.2227777778E+06          1.5154000000E+00          2.2440000000E-02          2.1100000000E-02
         2.6179938780E-01          2.7782222222E+06          1.5425000000E+00          2.0780000000E-02          1.7600000000E-02
         2.6179938780E-01          3.3336666667E+06          1.5577000000E+00          2.0040000000E-02          1.5400000000E-02
         2.6179938780E-01          3.8891111111E+06          1.5707000000E+00          1.9110000000E-02          1.3700000000E-02
         2.6179938780E-01          4.4445555556E+06          1.5805000000E+00          1.8400000000E-02          1.2400000000E-02
         2.6179938780E-01          5.0000000000E+06          1.5879000000E+00          1.7850000000E-02          1.1400000000E-02
